63
1401
8791
12521
110012
1232
6239
1250
9421
5195
8241
1526
1296
7342
9622
1425
5321
6322
1924
5135
53125
56624
67754
912452
3124
0
512
5632
52152
15215
0
1421512512
321
2151
12412
422
1244
1
42
563
515
6326
6246
734
194
9492
672
1234
0
125
5135
531
623
743
12412
-1
531
6246
15125
513
512
7432
1251
623
0 1 +
1 2 +
2 3 -
3 4 -
4 5 -
5 6 -
6 7 -
7 8 -
8 9 -
9 10 -
10 11 -
11 12 -
12 13 -
13 14 -
14 15 -
15 16 -
16 17 *
17 18 *
18 19 *
19 20 *
20 21 *
21 22 *
22 3 *
3 23 +
23 24 /
4 25 *
25 26 /
5 27 -
27 28 +
6 29 /
29 30 +
7 31 /
31 32 *
8 33 +
33 34 /
9 35 *
35 36 -
10 37 -
37 38 +
11 39 +
39 40 /
12 41 +
41 42 -
13 43 *
43 44 /
14 45 -
45 46 /
15 47 /
47 48 +
16 49 *
49 50 /
17 51 -
51 52 +
18 53 -
53 54 *
19 55 +
55 56 -
20 57 *
57 58 -
21 59 +
59 60 *
22 61 -
61 62 *